1   407.3229620807843   0.8666832896858905   0.00017644658040467332   0.18215747542271052   1
2   171.11204649390496   0.9320200067224829   0.000398442505173285   0.26423550337385104   1
3   62.04996189024291   0.981776960583195   0.0012390336453666564   0.3412013753109704   1
4   89.38851562499892   0.9289068454103974   0.0005651421832301268   0.2652691297640577   1
5   870.7759193978718   0.8542458624573789   6.876664941756798e-05   0.14600307768408863   1
6   432.2865882240783   0.8853541420320499   0.00015004681298455916   0.19329297803345602   1
7   258.199798018291   0.9282077653920036   0.00021740375180676693   0.23375245317553894   1
8   828.882349466478   0.8345411313080134   9.394735668758749e-05   0.162131909206544   1
9   899.4740234375034   0.8476692397016782   7.2219403849569e-05   0.14874709627115631   1
10   34.532330411583956   0.991007000770519   0.0009457867260990257   0.4378456863353865   1
11   241.3091587271328   0.902032419846473   0.00026986110308282953   0.2106279654175794   1
12   73.02410156249823   0.9755925030666297   0.0010910881410107656   0.33690341488840514   1
13   743.4967778201294   0.8747822884268001   8.832008411743041e-05   0.16882463285435817   1
14   560.2679163490884   0.8724464025822631   9.859347550520614e-05   0.16315541273505377   1
15   304.1308889100586   0.9053233622185594   0.00021681205754055312   0.22214630564400314   1
16   493.66309737042064   0.8516469826621956   0.0001655338067231845   0.190170437933675   1
17   513.3598256478582   0.9203783349569912   0.0006447597233614784   0.26987826002755977   1
18   642.5612747713403   0.8786800835531523   0.00010134814351462151   0.1698147685117666   1
19   50.7194293064034   0.9757449938048318   0.000420895349433354   0.2943906845292625   1
20   272.43490663109594   0.8860694307246013   0.0002490686510802235   0.20787927707496884   1
21   148.80759432165016   0.9448909700323553   0.0003499461376546557   0.2475860813934608   1
22   30.43678163109688   0.9951402367034519   0.0005147813950175215   0.39376710602935083   1
23   190.6903229801845   0.9448289620025648   0.0002695078870783654   0.25749196766678617   1
24   226.33413776676386   0.9703216542206425   0.00023007483723481447   0.26084836724384525   1
25   227.96729039634457   0.944132327545665   0.0001624955866608028   0.21971224551567786   1
26   779.1997513338652   0.8829907104413566   0.00011556527559282015   0.17469567160535995   2
27   155.90357183689164   0.9389161499728514   0.0002646106926477328   0.23134177433123607   2
28   126.93805544969314   0.9353194204800295   0.0003797075206931313   0.2389072725791574   2
29   464.6995102896238   0.8605371095883301   0.00015840473163708515   0.1744145688030622   2
30   701.0491206173798   0.8656291501405516   0.00010185521277271745   0.17390538376373893   2
31   538.5218969131067   0.907793774570466   9.062640515203814e-05   0.1619541745153385   2
32   478.84897484755385   0.8719215097458592   0.00014135583336339993   0.18941581871460053   2
33   197.6218292682936   0.9278655137939994   0.0002815047428056362   0.2578304249861513   2
34   425.6079058688946   0.8678351747442206   0.0001667680385211209   0.19168149328244488   2
35   50.79125571646462   0.9844934987212968   0.00035234064014805493   0.31597966468590555   2
36   568.1691444359748   0.8940711998835136   8.708210524742904e-05   0.1598832598560216   2
37   386.1426705411512   0.8637487064982895   0.0002068890300980558   0.19010761109270952   2
38   1000.1943778582536   0.8818783389660939   7.841390397564859e-05   0.1562827166674003   2
39   51.428692835366384   0.977080232803677   0.00046461365000255856   0.31161422282462187   2
40   434.06742187498793   0.8560892414168588   0.00014826816828889628   0.1671825911375094   2
41   237.73971512957758   0.9485411015046388   0.0001966465974407665   0.21456655263850394   2
42   276.32661394816887   0.8941114095002837   0.00022709369466538082   0.19746796537993153   2
43   296.5658241234698   0.9220859312879938   0.0002380982480114907   0.23412744770341745   2
44   263.90042873475295   0.9343721936605746   0.00019285323524821586   0.22957122062314494   2
45   382.4510642149317   0.8565130257732385   0.00019968419480655809   0.18702923425565385   2
46   550.4413386051841   0.8550509005474939   0.00013666722412842097   0.17392745894087536   2
47   80.01294493140117   0.9880642785904968   0.00048820979965365105   0.3565464163539848   2
48   34.57819169207475   0.9071783048618669   0.0019220828989586322   0.34692749032872267   2
49   154.36961223323374   0.9008590469456577   0.00039978945957344896   0.23061703813717455   2
50   563.3872513338462   0.8814589256693921   0.00010003924985362518   0.16965144672387167   2
51   372.96124999999336   0.899897715521857   0.00015094176774084402   0.18840809588930213   3
52   30.704108231707057   0.9673144286769322   0.0009681337137579968   0.3303282942452311   3
53   313.1402477134102   0.9333595173338215   0.00013210800143669812   0.18643106766759868   3
54   401.9236404344418   0.8971760795178447   0.00017324934941830096   0.21568834019082903   3
55   453.545367759137   0.8778925132682673   0.00014988246466139283   0.17906204266558112   3
56   412.4736089938952   0.8237893986142666   0.00017014252017613814   0.16154033113217142   3
57   526.7881897865773   0.8843834590056823   0.00010749379736127313   0.16723122388574183   3
58   52.79184546493969   0.9719061255066698   0.000558067431611618   0.29328407884353247   3
59   37.132003620426914   0.9887476976626952   0.00204091239171255   0.3759552241861513   3
60   675.5647484756172   0.8197136974834576   0.00011322750565838855   0.15975168573434123   3
61   219.72598227895926   0.9722605164167935   0.0002176487838137722   0.2536912366276642   3
62   773.1422532393383   0.8734013072609234   7.715486053341652e-05   0.15720634110943393   3
63   1041.921662538107   0.8433233677191336   6.478007156038299e-05   0.14559785308239753   3
64   105.43314977134017   0.948340567120397   0.0003943455212177257   0.25183087658728065   3
65   364.4194931402373   0.872876324200988   0.0002001342954982273   0.20508516605113664   3
66   155.57972751524443   0.9666027905176838   0.00037607954162566405   0.332162410886168   3
67   117.01832698170436   0.9353462447910302   0.0005332287245461132   0.26259127479866645   3
68   594.052767721043   0.8716458189691015   9.537899782090874e-05   0.16197633770823122   3
69   354.2388624237792   0.9088618260879483   0.0001525802349066219   0.1870533579869625   3
70   700.5185823170955   0.8404438653577793   0.00010685548254738514   0.1642852584173219   3
71   955.9221074695348   0.8522934100003945   6.996434363209475e-05   0.15211740576482227   3
72   191.2619674161595   0.911718235444344   0.00038456002983715086   0.2381016348615368   3
73   342.5148694740844   0.8984305714721046   0.00017804022431026063   0.1952469619925111   3
74   136.59520483994035   0.964099963182266   0.000271944502377227   0.2640699209792432   3
75   428.7258812881018   0.8259312410828127   0.00021483522286951817   0.17633386676589827   3
